406.91
175.53
437.40
120.65
437.40
128.91
437.40
225.12
225.12
234.20
179.06
126.06
204.58
406.91
204.58
437.40
430.86
364.51
364.51
430.86
356.17
128.91
225.12
204.58
406.91
225.12
225.12
234.20
195.14
364.51
325.56
325.56
325.56
195.14
204.58
204.58
356.17
128.91
430.86
325.56
128.91
199.68
204.58
366.87
126.06
128.91
430.86
179.06
366.87
234.20
430.86
366.87
175.53
430.86
366.87
356.17
430.86
325.56
128.91
406.91
126.06
234.20
234.20
179.06
430.86
320.12
325.56
430.86
430.86
430.86
234.20
426.22
126.06
437.40
234.20
430.86
158.35
356.17
325.56
204.58
234.20
234.20
234.20
158.35
359.10
430.86
195.14
234.20
179.06
234.20
199.68
325.56
430.86
179.06
325.56
366.87
437.40
225.12
366.87
325.56
800.30
1465.72
835.08
1676.79
1216.36
624.04
511.23
1465.26
835.08
1485.59
851.24
1562.23
1608.60
1785.53
1608.60
1443.96
788.62
851.24
1368.94
851.24
1777.14
1785.53
1031.34
1202.46
851.24
1623.81
800.30
835.08
624.04
905.79
1465.72
1045.96
1179.09
947.72
1399.39
802.95
1116.80
1608.60
1477.12
869.00
639.73
1077.35
1114.90
947.72
765.13
1231.67
1623.81
1547.50
947.72
1465.72
947.72
1649.42
1114.90
1485.59
1443.96
483.34
1375.88
1282.84
788.62
851.24
1368.94
594.93
1216.36
1019.85
1465.72
1468.46
883.11
883.11
1676.79
464.68
742.25
947.72
835.08
1312.16
1485.59
1468.46
511.23
835.08
793.58
483.34
1485.59
1399.39
483.34
1676.79
991.49
1185.24
845.35
947.72
483.34
1485.59
1588.80
1288.31
869.00
538.36
464.68
1216.36
1063.46
686.54
686.54
935.38
1894.85
1623.73
1351.69
1085.40
1635.50
1925.32
1152.99
1085.40
1260.96
1780.07
1561.63
1371.86
1553.21
1110.60
1589.75
1755.18
1558.12
1155.05
1950.30
1780.07
993.55
1164.20
1879.09
1823.47
1827.44
1478.11
1429.72
1944.62
924.65
1649.04
616.24
1577.01
1152.99
1593.24
1084.79
1694.37
1110.00
1780.65
1806.06
1539.77
1179.09
1610.25
794.70
1730.86
1710.72
1752.72
1950.30
1787.57
1624.11
1752.72
1171.54
1175.65
2098.07
1623.73
1883.49
1110.60
1585.02
788.62
1663.58
1179.09
1454.47
1746.74
1921.09
1408.25
1558.12
1755.18
1793.07
1189.47
1487.93
1967.87
1561.41
1918.46
1577.01
1222.60
971.31
1033.44
2030.59
1429.72
1780.65
837.36
2143.74
1084.79
1505.19
2143.74
1558.12
1950.30
1778.65
1155.05
1685.92
1260.96
2090.54
1826.08
2162.03
2024.20
1170.54
1461.33
831.96
1844.58
1624.87
1624.87
1505.19
879.65
1328.85
813.95
1459.34
905.79
1165.44
1577.55
1416.98
1483.06
1250.66
1361.30
1048.28
1328.85
1416.98
686.54
1012.00
658.14
1081.05
1081.05
1961.96
947.72
751.16
1364.54
1501.24
1251.14
1313.95
1561.41
1376.59
848.42
624.78
640.56
640.56
2279.82
1361.30
779.68
748.57
640.56
901.36
1119.17
875.39
1063.46
1144.41
1249.66
971.31
1166.93
1337.63
640.56
1250.66
1202.46
1826.93
1116.31
650.68
1202.46
625.15
779.68
1361.30
1361.30
625.15
779.66
748.57
1251.14
1803.97
1361.30
752.69
1777.14
1499.68
962.14
779.68
1192.88
1116.62
1081.05
1361.30
1416.98
1361.30
1179.09
1353.87
625.15
779.68
1114.90
779.66
927.98
1328.85
516.69
1116.31
640.56
2279.82
539.36
676.38
1468.46
671.06
901.36
658.14
1416.98
1826.93
1139.94
1478.93
795.80
901.36
1559.83
924.65
676.38
847.33
916.02
564.16
437.40
1183.74
869.00
522.58
1235.69
671.06
1250.66
794.70
971.31
751.58
666.59
1090.31
544.12
1249.66
290.36
1120.10
406.36
788.62
718.30
600.23
835.08
1276.06
564.16
406.91
1249.66
406.91
779.68
628.40
1097.95
664.43
1429.72
1133.45
848.42
695.66
1048.28
1084.79
837.36
667.85
636.51
482.65
1110.60
624.78
483.34
1183.74
779.66
255.57
331.74
332.06
731.28
1144.41
667.85
1097.95
785.59
616.27
866.05
795.80
693.36
676.38
448.34
1165.44
448.34
848.42
1165.44
1144.41
355.57
875.39
707.88
1237.62
866.05
671.06
787.42
1250.66
866.07
785.59
361.66
667.85
625.15
331.74
355.57
636.02
650.68
1250.66
960.47
779.68
866.07
636.51
624.78
162.18
764.64
363.02
355.57
1250.66
636.51
785.59
787.42
1166.93
960.47
752.69
331.74
1166.93
331.74
787.42
625.15
960.47
624.78
676.38
779.68
625.15
616.27
332.06
1097.95
804.96
1165.44
1097.95
616.27
960.47
785.59
1165.44
616.27
636.51
448.34
624.78
737.28
785.59
361.66
625.15
1097.95
737.28
650.68
331.74
969.85
960.47
332.06
866.07
625.15
866.05
1048.28
636.51
303.94
448.34
162.18
1165.44
866.07
361.66
787.42
1499.24
1168.72
1309.85
1374.90
1312.16
464.68
616.24
718.71
1116.56
1479.01
751.58
1443.96
1033.44
718.71
1499.24
695.66
851.24
666.59
1183.74
1309.85
648.57
574.10
807.48
1560.78
1271.52
695.66
1499.24
686.23
1389.11
594.93
482.65
1109.32
666.59
666.59
794.70
1500.09
1309.85
835.08
1185.24
1305.54
1500.09
847.33
1077.35
1585.02
695.66
1479.01
1443.96
1109.32
483.34
1312.16
1478.11
600.23
1561.63
1443.96
666.59
1499.24
807.48
574.10
845.35
1500.09
835.08
628.40
1312.16
1515.54
1438.52
718.71
1185.24
1312.16
1453.25
538.36
1560.78
464.68
1443.96
593.83
837.36
1485.59
1389.11
600.23
1453.25
1050.25
483.34
648.57
751.58
1452.17
1033.44
718.71
1500.09
1443.96
801.73
1452.17
574.10
628.40
600.23
1154.77
1183.74
1156.55
648.57
1271.52
1443.96
851.24
1809.91
2279.82
1987.39
1785.47
1807.42
2143.74
1950.30
2072.18
2014.72
2119.83
1852.47
1862.45
1662.92
1862.45
1849.58
1987.39
1727.10
1950.30
1720.21
2119.83
1737.86
1662.92
2279.82
2032.23
1950.30
1776.48
1871.76
2073.13
1718.76
2014.72
1694.37
2016.46
1862.45
1862.45
2014.72
1694.37
1944.62
2143.74
1894.85
1817.77
1765.79
2143.74
1862.45
1771.80
1771.80
2143.74
1851.70
1694.37
2248.12
2047.06
1807.42
2119.83
1776.48
1971.23
2143.74
1849.58
1971.23
2214.64
1776.48
1776.48
1776.48
1897.87
1807.42
2024.20
2032.23
1857.04
1862.45
1807.42
2248.12
1944.62
2164.15
2279.82
1720.21
1862.45
1849.58
2047.06
1847.26
2132.85
2024.20
1776.48
2024.20
2004.34
1589.75
1894.85
1964.86
2004.34
1852.47
2016.46
1776.48
2014.72
1720.21
1862.45
2159.33
1847.26
1950.30
1727.10
1852.47
2014.72
1720.21
1849.58
1295.34
1209.08
848.89
1809.83
1435.34
667.98
1277.26
1344.18
535.67
1113.16
2159.33
1522.76
1815.02
1745.18
1577.55
1837.25
1632.61
1718.79
1653.69
1314.30
1411.95
2162.03
1806.06
1915.79
877.17
1374.90
1608.55
883.11
1881.36
1403.48
1662.88
1603.89
1865.67
1092.94
1501.24
2143.74
601.81
2015.18
1707.38
380.88
2143.74
2030.76
1033.44
764.24
1295.34
1649.04
1889.71
667.98
1556.78
1439.17
1506.38
1365.73
1113.16
2159.33
1542.40
1033.44
1429.72
1972.88
1269.10
1842.24
1306.91
1152.99
737.28
158.35
1351.69
1302.97
1235.69
1987.44
1295.34
830.45
1696.86
1372.83
1361.30
406.91
1516.58
1612.43
1336.74
1739.49
636.51
1779.92
1110.00
848.89
1476.03
2016.46
648.53
1419.34
1479.01
1555.48
927.98
1653.69
2248.12
960.47
1139.94
1313.53
1577.55
1645.06
1889.87
1273.45
922.69
1282.84
1287.00
1778.65
1502.02
1745.09
1752.18
1788.75
1775.03
1720.21
1295.34
1746.74
1550.55
1256.92
1170.54
1522.45
1412.13
1276.06
1434.42
1423.86
1371.86
1695.08
897.78
1663.58
1826.08
1164.20
1261.41
2159.33
1170.54
1492.08
1623.81
1915.79
543.18
1468.46
1354.00
1092.94
636.51
1450.67
1250.66
1209.08
1747.22
1273.45
1048.28
1339.93
875.39
1915.79
1110.60
2013.21
1921.18
1077.12
799.12
1682.62
1603.60
1632.61
1797.14
2159.33
1600.42
718.30
1682.33
636.51
765.13
2007.62
1745.09
789.01
731.28
1345.66
1593.24
1183.74
794.70
1785.53
1780.65
2030.76
1852.24
1885.87
935.38
1827.44
1302.97
1447.95
1640.78
1905.50
1742.34
1666.18
1033.44
1775.03
1878.06
1569.37
1556.68
1458.63
546.04
1183.16
795.80
1434.42
1951.77
2090.54
1361.30
1452.17
1222.60
1525.26
1649.49
1847.26
1338.30
1624.11
1462.01
1438.41
1828.37
1550.04
1179.09
1674.09
1342.39
1437.95
1606.76
1951.77
1522.45
1663.58
1673.89
1515.99
1615.13
2164.15
1968.40
1894.85
1539.00
990.84
1185.24
2239.35
1862.45
2143.74
1394.55
1603.60
992.40
431.17
1419.48
1634.13
1206.95
1033.44
1139.94
1720.21
1980.99
1682.10
1827.44
1837.25
2124.16
1746.74
1623.81
1691.68
1918.46
1399.39
2065.16
1656.28
1339.93
1776.48
1779.08
1858.36
509.52
647.00
1879.09
1593.12
1755.18
1899.69
1608.55
1987.44
1635.50
1988.56
1394.38
1823.47
883.11
1558.12
1691.15
1739.49
1238.04
1522.45
873.97
1873.19
1623.81
710.25
1603.89
1776.62
1203.93
1175.65
1649.04
1759.33
1716.13
511.23
917.79
628.40
891.90
1531.20
1421.07
718.71
1817.77
1022.81
1067.81
1718.76
1516.58
1050.25
1745.09
1193.72
1114.90
1560.78
616.24
1447.39
1215.96
1703.20
695.66
1394.38
1048.28
1894.16
1466.95
1356.46
1780.07
1710.98
850.57
2079.14
1705.90
1170.54
1170.54
1705.27
1556.68
1163.10
1710.72
1682.62
1556.78
1624.01
1450.67
1682.62
992.40
1388.05
1345.66
1612.43
1171.54
1612.43
1915.79
879.65
1468.19
1292.77
1704.06
1673.70
1215.96
636.19
1215.96
1837.25
1659.50
992.40
1913.87
1485.59
1260.96
1950.30
1461.33
1456.34
624.78
1170.54
1715.29
1579.73
916.02
927.98
1842.10
1119.17
1292.93
1785.72
1587.21
1499.24
847.33
1989.13
1336.74
1682.62
1718.79
1573.12
1501.10
1513.28
2098.07
883.11
1755.18
1496.46
1623.81
1384.78
1760.00
676.38
1705.27
1353.87
1917.57
1903.76
1501.24
1682.33
1547.50
1759.33
1590.82
1033.44
917.79
1206.95
1125.36
1449.26
1793.52
2162.03
1577.55
1109.32
1110.00
1282.84
1539.10
1023.65
1964.86
1807.67
1746.74
1269.10
1600.42
1780.65
303.94
2337.73
1372.83
1600.42
1624.11
1826.93
1977.89
1063.46
666.59
1154.77
648.57
1745.18
1718.76
1871.27
406.91
1403.60
1722.49
1560.78
1593.24
1458.63
1179.09
1718.71
1170.54
1633.26
1703.02
1536.60
1889.90
1759.97
1203.93
1502.02
624.04
1624.11
1865.67
1915.79
835.08
1522.45
1033.44
981.72
1798.47
874.99
1673.70
1755.18
1589.65
1951.77
1968.40
1468.19
1113.16
1260.96
1745.09
1109.32
1623.81
1625.53
636.51
1092.94
1516.68
966.26
1775.03
1271.52
1903.76
616.27
1815.02
1485.05
1839.47
1798.47
221.23
774.64
1724.42
624.78
1033.44
1543.17
1515.99
1682.98
1354.00
1872.44
1354.00
1796.98
686.54
1577.55
1535.30
1154.77
1462.01
1606.63
1755.18
540.97
1170.54
788.62
1475.40
1548.87
1110.55
1516.68
866.05
1077.35
1155.05
1638.66
1871.27
1879.09
1862.45
1387.17
2024.20
1788.75
1030.13
1220.35
799.12
1058.50
1489.99
1045.96
1775.03
1865.67
1489.99
703.45
1579.73
1267.98
1785.53
1745.09
1847.84
1149.07
1780.58
835.08
1501.24
1206.95
879.65
1915.79
1373.40
1586.22
1701.23
924.65
1215.96
1558.12
600.23
1624.68
1372.83
913.29
1950.30
1518.93
2159.33
1209.08
494.63
1017.64
1497.46
1778.65
1817.77
1724.42
1360.76
1516.68
1705.24
1628.60
1438.41
1422.12
1881.36
1372.83
1556.68
1447.95
1625.46
1819.41
1753.84
1865.67
1285.20
1202.69
1203.93
1438.52
1603.89
1017.64
2079.14
1505.19
779.68
1483.33
1964.86
1459.63
1113.16
966.26
1459.63
1267.98
1203.93
1354.00
962.14
1374.90
1198.24
1285.20
1575.87
924.90
1139.94
1113.16
1237.62
1459.63
1556.70
718.30
1676.79
1273.45
667.85
1229.87
962.14
1423.86
1048.28
1589.65
1193.72
1305.54
1256.92
1696.72
1170.54
1637.65
1209.08
1612.43
1905.50
2159.33
1702.81
1396.28
624.78
1721.56
1718.76
1468.19
1416.98
1674.09
1720.21
1489.99
1459.63
1454.05
1045.96
2143.74
1809.83
2013.21
1023.65
1305.54
1215.96
1673.70
1458.63
448.34
1775.03
1443.96
1777.72
1365.21
866.76
1555.48
1703.20
1372.83
1842.10
1623.73
1478.31
1180.63
1531.20
2214.64
1371.86
1432.75
2013.21
1676.79
1577.55
1839.05
1489.99
1522.76
1515.54
1451.85
1579.73
2030.76
848.89
779.66
1996.18
1459.63
1248.46
380.88
1313.53
794.70
935.38
1832.34
962.14
1519.98
1696.72
1755.05
1309.85
1870.43
1516.68
1396.28
1577.01
1815.02
1535.30
1629.92
1624.11
1550.55
891.90
1630.66
1577.55
1222.41
1485.69
1625.46
1588.80
1285.20
1632.61
1607.34
1691.68
1746.74
1152.04
2000.39
1522.76
1779.12
897.78
2119.83
1559.83
1899.69
1412.13
1067.81
2030.59
1716.13
1535.30
917.79
1361.30
1833.27
1649.42
1615.13
1360.76
540.97
1603.60
628.40
1302.97
1366.61
2159.33
1273.45
1398.94
1710.72
897.26
640.56
1215.96
1522.60
1439.17
1557.20
924.65
1165.44
1500.09
1478.93
1436.66
1412.13
1844.58
1600.42
1228.94
693.36
1577.55
1755.18
1577.01
1439.17
1489.99
667.98
1510.57
1017.64
992.40
1295.34
1639.55
1638.66
1849.58
1189.47
1663.39
703.45
1673.70
1839.05
511.23
1837.25
1193.72
2098.07
793.58
666.59
1489.99
1110.60
1792.31
1389.11
1843.97
1547.50
1477.12
644.69
1209.08
837.36
1740.85
1703.02
543.56
1228.94
742.25
1251.14
872.19
1531.20
1432.75
1535.30
2279.82
682.22
483.34
448.34
1573.12
1022.81
1638.66
981.72
1894.85
1642.15
303.94
1519.98
1269.10
573.58
1208.82
1422.12
847.33
1701.23
1798.47
1827.44
799.12
290.36
1515.54
1331.53
1336.74
1561.63
1171.68
1698.00
406.91
764.24
1665.23
1649.49
703.45
891.90
1144.41
1485.69
1453.25
1423.86
1724.42
221.23
1342.39
788.62
1483.33
1564.90
1746.74
1663.39
1437.95
1847.08
1386.33
1951.77
1220.35
1572.91
866.76
1483.06
1292.77
1033.44
1558.09
1705.24
1624.01
1745.09
1510.57
1659.50
1507.04
1170.54
1364.54
1202.46
874.99
1796.70
1612.43
1525.26
1516.68
2337.73
1917.57
1873.94
494.63
1260.96
1237.71
1960.67
1585.02
879.65
1432.79
962.14
1883.49
1755.18
2248.12
1605.84
1573.12
1033.44
1899.69
1710.98
593.83
1238.04
913.29
1354.00
1501.24
1459.63
1525.26
1730.86
1444.13
902.09
1412.13
1110.55
1522.45
1577.01
795.80
1688.90
1519.98
1154.77
624.78
872.19
1353.77
866.07
1539.10
1085.40
1961.96
1710.72
636.51
1502.02
1531.20
1215.96
1125.36
1264.53
1960.92
1522.45
1847.08
1894.85
2015.18
1496.46
1394.55
1331.53
1485.05
1459.63
1739.49
1796.70
589.11
1807.42
1921.18
1862.13
1800.86
1354.00
1346.14
1119.17
1110.55
1755.18
835.08
359.10
693.36
594.93
1175.65
1116.62
895.14
715.19
1203.93
1351.69
1361.30
704.94
924.90
2279.82
913.29
1716.13
1839.05
1625.53
1739.49
380.88
1483.58
1545.67
1097.95
1448.72
1410.58
1206.95
2000.39
1412.13
1562.23
710.15
2080.00
1273.45
2000.42
949.04
1416.33
1276.06
1755.18
764.24
1438.52
290.36
1466.95
1658.97
1900.18
667.85
1747.22
1097.95
1033.44
990.84
1260.96
1765.67
1421.07
1607.34
1478.31
950.24
713.71
1120.10
1977.89
1915.79
1110.00
2072.18
1819.41
1590.82
1114.90
1603.89
1528.91
718.71
1682.33
1090.35
1600.42
1265.57
1429.72
1710.72
1510.57
1455.85
1685.92
1555.48
1586.22
1435.34
1273.45
1588.80
1758.56
1145.33
1632.61
1215.96
981.72
1682.62
1579.73
1881.36
866.76
1170.54
924.90
1067.81
1913.87
1243.10
1970.01
664.43
1342.39
1478.93
1225.63
1578.97
1817.77
2098.07
1584.73
1285.20
1295.34
1673.89
2119.83
448.34
1862.45
686.54
917.79
1716.13
1017.64
1458.63
570.71
1839.67
1437.95
1980.99
1951.77
1215.96
1705.27
1513.04
1951.77
1605.84
1459.63
872.19
837.36
1623.81
1097.95
1649.04
1516.68
1349.04
2337.73
1572.91
1624.11
1558.12
1222.60
1745.09
1757.81
1828.37
574.10
1017.64
1050.25
1780.65
1839.67
1666.18
1468.19
1815.02
1590.82
1449.26
1682.33
1796.98
1432.79
2065.16
1017.64
1399.39
969.85
1649.49
1779.92
1690.82
671.06
1384.78
781.97
1273.45
1269.10
1222.41
540.97
1531.20
1353.87
1606.76
1171.68
636.51
1120.22
1674.09
570.71
564.16
1590.82
1810.37
1394.38
1777.72
1661.61
1810.37
1671.23
1661.61
1671.23
1264.53
1746.74
1623.73
1216.36
748.57
1170.54
1110.60
1501.10
482.65
1489.99
2098.07
1745.09
1411.95
1351.69
852.02
1716.13
2159.33
1459.63
1084.79
1872.44
1273.45
1353.77
1535.30
1565.16
972.58
1192.88
1839.67
1699.90
1862.45
1421.45
1637.65
1826.93
1603.60
1980.99
1682.62
1573.12
1676.79
1339.93
1916.37
1439.17
1608.55
1306.91
1531.20
1434.71
1522.45
874.99
640.56
1645.06
1619.00
1273.45
511.23
1110.00
1510.91
1331.53
625.15
667.98
1558.12
1658.97
1573.12
1459.63
1899.69
2097.69
2124.16
1208.82
1501.24
972.95
1269.10
847.33
1732.12
658.14
1600.42
1110.55
1555.48
1897.37
1365.21
1593.24
962.14
1520.73
1716.13
509.52
1365.73
1198.24
1447.39
1447.39
1588.80
667.98
1447.95
1487.93
204.58
686.54
1840.75
1558.12
962.14
1110.00
1826.93
667.85
594.93
1840.75
1625.46
1643.96
1737.86
1988.56
1295.34
1505.19
1292.77
1747.22
644.69
1612.43
1661.61
2239.35
593.83
1716.13
1485.59
1505.19
1520.73
667.98
1248.46
1656.28
1459.63
813.95
1447.95
1827.18
1501.24
830.45
1465.72
1309.85
1730.86
1849.58
2030.59
546.04
234.20
564.16
631.81
1716.13
1897.19
1539.10
1492.08
1792.31
1643.68
1755.18
678.74
1793.36
1765.79
1603.89
1755.05
1889.90
1438.52
1809.29
1443.96
1168.72
1452.17
795.80
1730.86
1489.99
1718.76
1237.07
1434.42
331.74
1758.03
1447.95
1365.21
482.65
1063.46
1716.13
1558.12
1705.90
1017.64
1809.83
1353.87
835.08
902.09
1225.63
929.16
636.51
1110.55
1776.48
1852.47
1516.43
648.53
1201.26
1145.33
1237.62
1787.41
1267.98
1696.86
1311.23
1461.33
1573.12
1862.13
807.48
1410.58
1829.06
1691.15
457.49
1988.56
1510.57
2159.33
1728.07
788.53
1222.60
664.43
1770.37
1685.92
751.58
924.65
1798.47
546.04
969.85
947.72
1827.44
1522.76
2248.12
992.40
1201.26
1058.50
1618.13
2015.18
658.14
1711.55
1361.30
1459.63
789.01
1579.73
1437.95
1930.24
2015.18
726.14
1637.65
1260.96
1839.05
1516.68
1628.60
1645.06
1180.63
1154.03
1170.54
872.19
1452.17
1483.77
1656.28
1476.03
1395.65
1535.30
1331.53
1447.25
1492.64
1996.18
981.72
1915.79
1572.91
1685.92
1531.20
949.04
1515.99
1951.77
1624.87
831.96
1588.80
1434.71
2014.72
1779.92
1699.90
1721.56
1456.34
1577.55
1606.76
1883.49
1144.41
1561.63
813.95
1753.56
1915.79
406.91
1593.24
1828.37
2050.62
1459.63
1438.52
779.68
1166.93
1889.87
1170.54
1796.98
1202.46
807.48
1535.30
1502.02
1410.58
1745.18
1366.61
221.23
990.84
1796.98
2030.76
1704.06
1632.61
1894.85
1338.30
1561.41
1649.49
1565.16
1412.13
1468.19
1449.26
1705.24
981.72
1336.74
1466.31
1171.54
1166.93
715.19
1771.80
1338.30
1437.95
960.47
1192.88
1490.96
1695.08
1170.54
1300.19
1758.03
835.08
1970.01
848.42
779.68
1710.72
966.26
1603.60
1970.01
1022.81
1745.09
1797.14
2030.59
657.80
572.73
869.00
1473.75
1716.13
609.73
1916.37
1829.06
1305.54
1586.22
483.34
731.28
1729.08
1203.93
120.65
1338.30
1826.93
1663.58
1586.22
1970.01
1729.08
2030.76
1698.00
1456.34
1149.07
1643.96
962.14
1454.05
1462.01
1798.47
1225.63
1599.27
1144.41
1634.13
1561.63
1478.93
1483.06
1256.92
1843.97
1077.35
1682.62
1894.85
813.95
1842.10
128.91
1987.44
1394.55
1765.67
1710.72
1112.02
1716.13
1988.56
1682.33
1603.89
625.15
1522.45
1663.58
631.81
1438.52
1643.68
917.79
2098.07
1649.49
1366.61
234.20
1918.89
546.04
303.94
1394.38
913.29
1724.42
1871.76
1587.80
1897.37
1513.28
1461.33
1593.12
1058.50
781.97
1555.48
1273.45
1630.47
1485.59
1478.93
1730.86
1698.00
1510.57
718.71
1522.76
1499.68
1839.05
1250.66
640.56
1251.14
1396.28
1342.39
962.14
1624.87
1561.41
1579.73
779.08
1915.79
883.11
2024.20
1847.84
1528.91
1238.04
1522.60
913.29
1797.14
1366.61
737.28
1590.82
897.78
831.96
535.67
771.83
494.63
1763.16
1828.37
1579.73
1331.53
1171.54
667.85
1780.65
1745.18
1260.96
572.73
1682.33
1691.68
570.99
1360.76
764.24
879.65
1077.35
2030.76
869.00
361.66
1273.45
1987.44
1483.58
1842.10
1931.21
1269.10
1623.81
1931.21
1295.34
966.87
1110.60
1710.98
1249.66
1559.59
927.98
1505.19
2162.03
1603.60
1376.59
1979.83
1871.76
1455.85
1749.93
1718.76
1017.64
1881.36
1377.35
1222.41
1519.98
1718.71
1518.93
431.17
1562.23
804.96
897.78
150.34
1724.68
1745.09
1663.58
1171.54
1215.96
1658.97
2032.23
1600.42
1271.52
1423.86
682.22
1732.12
1878.06
916.02
1817.77
1285.20
1682.98
1865.67
1624.11
600.23
1203.93
1506.38
1819.41
1628.66
1216.36
1516.58
1416.98
1222.60
1883.21
1558.12
1794.57
1558.12
1085.40
1865.67
1501.24
1629.92
981.72
1632.42
1109.32
907.19
1459.63
1590.82
1522.76
1454.47
1776.48
1260.96
601.81
960.47
1718.71
1556.70
1703.20
1365.21
1292.77
1295.34
830.07
2030.76
1273.45
2024.20
1048.28
1682.33
678.74
1305.54
1256.92
1110.55
359.10
1765.67
1673.89
535.67
1139.94
2143.74
1858.36
1107.96
1787.57
1454.47
1638.66
1600.42
1494.23
2248.12
1033.44
764.24
1921.68
1691.68
1558.12
2004.34
2239.35
1468.19
1761.68
1556.68
1423.86
1260.96
1193.72
1287.00
1628.60
1531.20
1997.52
1454.47
1588.80
1624.87
1698.00
1339.72
1843.97
1060.47
1423.86
1447.95
1628.60
2162.13
666.59
1331.53
1394.55
1899.69
1851.70
1222.60
2024.20
1649.04
1625.46
1827.44
830.45
831.96
1806.06
221.23
1842.24
1980.99
1987.44
1696.72
1516.68
1489.99
1523.26
1792.31
128.91
1567.43
1171.54
1228.94
1979.83
1265.57
1090.31
1434.71
1691.15
1682.62
1483.58
1624.11
1516.68
1807.42
738.92
1550.55
1116.31
1339.72
875.39
600.23
891.90
1649.49
624.04
1628.66
835.08
1539.00
1849.58
1809.29
1478.31
1809.29
1515.99
1367.64
1624.11
1809.83
1171.68
516.69
1171.54
1699.90
1619.00
1776.48
1862.45
625.15
572.73
1724.42
1163.10
1732.12
1085.40
1819.41
1017.64
1565.16
1189.47
949.04
1361.30
1573.12
1987.44
1313.95
2072.18
1497.46
1430.04
1761.68
1785.53
1931.21
1800.86
1632.42
1312.16
2143.74
1081.05
880.41
1633.26
1192.88
1635.50
850.57
1305.54
1396.28
1556.78
1635.50
1840.75
1090.35
1522.76
1588.80
570.99
1673.70
1635.50
1883.21
1897.19
636.51
570.71
1732.46
1900.18
1229.87
1732.20
686.54
1222.60
1386.33
748.57
2164.15
1374.91
1092.94
1915.79
1727.10
1489.99
972.95
1048.28
1437.95
1632.42
1758.56
1506.38
1643.96
1565.16
1170.54
1839.05
1674.09
1377.35
1916.37
402.81
1791.96
1429.72
1685.92
624.78
764.24
1839.47
1847.08
1113.16
1203.93
1603.89
1931.21
1765.67
1344.18
1682.98
1705.24
1192.88
1780.07
1575.87
1483.06
1396.28
1282.80
1133.45
1716.13
2337.73
1351.69
1847.84
2337.73
1798.38
1577.01
1603.60
715.19
992.40
1577.55
686.54
1494.23
1453.25
1852.47
866.05
1827.44
1742.34
1556.68
1770.37
1603.89
1900.18
448.34
922.69
715.19
1500.28
774.64
1833.27
1662.92
2248.12
1671.23
1394.38
1067.81
437.40
992.40
1556.70
1462.01
1605.84
1050.05
1097.95
1403.60
1311.23
1628.66
847.33
1048.28
1547.50
1505.19
2065.16
751.16
1269.10
522.58
755.30
1632.10
1377.35
1806.06
1516.58
1502.02
1454.47
1778.65
1883.21
1023.65
1921.18
1528.91
1558.12
960.47
1459.63
1757.81
406.36
1778.65
1839.05
1155.05
1531.20
1085.40
1796.98
1209.08
1356.46
1432.79
1635.50
715.19
1664.76
1632.10
1586.22
1202.69
907.19
1842.10
667.98
1777.72
2024.20
860.32
1499.24
2098.07
1480.87
693.36
1826.93
1208.82
1273.45
1392.10
1732.20
1154.77
1376.59
1970.01
1633.26
1165.44
1600.10
1351.69
1342.39
866.05
1639.55
1144.41
667.98
1110.00
1435.34
402.81
1674.09
543.18
1513.04
1220.35
1796.70
1649.49
1878.06
1458.63
1623.81
406.36
1203.93
1625.53
1847.08
1208.82
1612.43
1881.36
1642.15
1522.60
1585.02
1208.82
1557.20
221.23
2239.35
1365.73
1097.95
779.68
726.14
1844.58
1361.08
1450.67
2024.20
1917.57
1356.46
1619.00
1558.12
966.26
1727.10
1623.81
1572.91
1336.74
1468.19
1837.25
1489.99
1745.09
935.38
830.07
1690.82
1716.13
1423.85
971.31
2248.12
1443.96
1496.46
1565.16
1483.77
1489.99
1209.08
1485.59
1295.34
1905.50
1228.94
1718.76
1755.18
1419.34
2159.33
1345.66
1443.96
1730.86
1624.11
1475.40
1063.46
1077.35
1623.81
1649.42
1809.29
1612.43
1273.45
799.12
1154.03
1170.54
1819.41
1661.61
1273.45
1758.56
1387.17
1710.72
1997.52
1711.55
1556.68
1611.66
1628.60
1228.94
500.92
1624.11
2143.74
1788.75
1964.86
2239.35
1800.86
1918.46
1157.87
1017.64
1264.53
1796.70
1593.24
1605.84
1209.08
1629.92
1780.07
874.99
1843.97
1386.33
1970.01
2239.35
1295.34
703.45
1557.94
1833.27
1752.72
1649.04
799.12
1951.77
1807.42
1842.10
1412.13
1695.08
1987.44
221.23
564.16
1439.17
848.42
1306.91
1331.53
1755.05
1163.10
1260.96
1516.68
1273.45
1721.56
1590.82
1277.26
1209.08
1793.52
1565.16
1535.30
852.02
1970.01
1510.91
1531.20
1295.34
1489.99
1810.37
1394.38
1033.44
540.97
799.12
1623.81
978.13
1458.63
1573.12
1539.10
2143.74
1847.08
1718.71
1611.66
1643.96
1458.63
1967.87
1487.93
1565.16
1758.56
1943.24
1573.12
1747.22
1623.81
1502.02
1755.05
1005.67
1468.01
1995.87
1903.76
1573.12
1116.62
1707.38
1951.77
1437.95
1615.13
1632.61
1951.77
971.31
1649.49
667.98
1295.34
1624.11
718.71
1477.12
1640.78
1852.47
1776.62
1730.86
1201.26
1251.14
1371.86
1943.24
1788.75
1461.33
1807.67
1344.18
981.72
1780.07
1120.10
1612.43
1110.00
1519.98
1829.06
1918.89
2000.42
1489.99
897.78
1828.37
1116.56
1603.60
1361.30
1739.49
1338.30
972.95
1228.94
1785.53
1459.63
1593.12
1050.25
1663.39
1556.70
1785.47
1970.01
1632.10
546.04
1300.19
1145.33
1403.60
2164.15
718.71
1619.00
1977.89
1154.03
1295.34
1843.97
1728.07
1578.97
1564.90
499.26
676.38
1120.10
1588.80
631.81
1691.68
1565.16
1661.61
1501.24
1558.12
703.45
1603.60
1778.65
1944.89
1967.87
1873.94
1522.45
835.08
799.12
1419.34
1048.28
1353.87
1515.99
1478.31
972.58
1827.44
2030.59
628.40
1718.71
1166.93
897.26
1676.79
1295.34
1776.62
1776.48
1502.02
907.19
1451.85
981.72
1231.67
1483.77
1067.81
1555.48
1632.42
1107.96
872.19
1434.42
1146.78
1865.67
1300.19
1273.45
1625.53
1454.05
718.30
1154.03
1522.45
788.62
624.78
564.16
568.17
1386.33
1745.09
715.19
1556.68
1510.57
1579.73
1587.80
1827.44
1930.24
788.62
1423.86
2248.12
1610.25
1780.07
1349.04
1516.68
1632.61
1345.66
1144.41
962.14
1638.66
1777.14
1437.95
1366.61
1662.88
807.48
922.69
935.40
1698.00
966.26
1531.20
860.32
879.65
1423.86
917.79
845.35
290.36
2004.34
924.90
828.16
1827.18
785.59
2000.42
1395.03
1586.22
2015.18
1412.13
774.64
1793.52
1803.97
1732.12
658.14
924.90
799.12
1606.63
570.71
1718.76
1827.44
1459.63
2097.69
1084.79
1022.81
1739.49
1587.80
1943.24
1862.45
1494.23
1659.50
1703.20
752.69
1572.91
874.99
1643.68
418.17
303.94
1203.93
1302.97
1682.62
1761.94
1063.46
1500.09
1265.57
874.99
1419.88
1661.61
1487.93
1623.73
1987.44
789.01
1580.95
956.61
1917.57
1170.54
1189.47
737.28
2000.42
1309.85
1273.45
1988.56
1603.60
1202.90
1727.10
1351.69
1487.93
1997.52
1796.98
1170.54
1489.99
1827.44
1779.92
1110.00
1915.79
1114.90
1575.87
1600.42
1815.02
1716.13
2164.15
2080.00
851.24
1489.99
2004.34
1483.33
1203.93
640.56
1134.47
2143.74
1386.33
1466.95
1759.97
676.38
1612.43
1502.02
1810.37
500.92
1050.25
1710.53
1757.81
922.69
1154.03
1980.99
1718.71
1703.20
1827.44
784.52
516.69
1872.81
1483.06
1267.98
2159.33
1479.01
1759.97
1256.92
1556.70
1796.70
1776.48
1718.79
1017.64
1663.58
1338.30
1351.69
2097.69
1483.06
1682.62
1306.91
1785.47
835.08
866.18
1179.09
1387.17
1755.05
1222.60
1918.89
1366.61
1423.86
1688.90
877.17
1500.09
1144.41
1951.77
1883.21
1257.31
966.87
1107.96
1462.01
2239.35
737.28
1732.12
1487.93
2143.74
1454.05
1872.81
640.56
1608.55
1423.86
935.40
1688.90
1273.45
1048.28
1624.68
1228.94
1653.69
1631.49
1492.64
1649.04
1455.37
1623.73
1345.66
2239.35
1485.40
877.17
1113.16
1273.45
1989.13
1638.66
1623.81
880.41
1459.34
1809.83
1623.81
1794.57
1988.56
837.36
1603.89
1770.91
1628.60
873.97
1852.47
601.81
1502.02
1605.84
1536.60
1171.54
686.54
969.85
1806.06
1110.55
1556.68
1682.62
1483.58
1796.98
1281.64
1988.56
1572.91
1612.43
1832.34
540.97
1273.45
1067.81
1796.98
1719.37
457.49
322.00
1317.33
1827.44
1944.89
1344.18
1732.20
1849.58
1154.77
1558.12
1847.84
1429.72
1607.34
1502.49
1202.46
1988.56
1456.34
1253.76
1281.64
1682.62
1361.30
715.19
1215.96
2097.69
835.08
1502.49
1593.24
1550.55
1459.63
949.34
748.57
1721.56
1659.50
1331.53
1235.69
1970.01
1454.47
2079.14
678.74
1516.58
851.24
1168.72
1432.75
874.99
1203.93
1478.93
801.73
1915.79
1339.93
1206.95
1878.06
1349.04
1462.01
1625.53
1373.40
1164.20
1265.57
1466.95
1691.68
924.65
676.38
874.99
570.99
1899.69
1745.09
1346.14
1331.53
540.97
1017.64
1447.95
1399.39
1306.64
2239.35
1144.41
1346.14
1603.89
1778.65
1865.67
1699.90
1555.48
1438.52
1745.09
1797.14
1696.86
1623.73
1558.12
1203.93
1676.79
1295.34
1084.79
1842.24
2030.76
1916.37
1331.53
1603.60
835.08
913.29
2015.18
1331.53
1555.48
572.73
1531.20
1977.89
795.80
1624.11
1658.97
1881.36
234.20
1265.57
1997.52
1872.81
636.02
1371.86
1623.73
1915.79
1798.47
2024.20
1371.86
1577.01
875.39
1365.73
962.14
774.64
1434.42
225.12
1996.18
640.56
658.14
1593.12
1285.20
2030.76
1120.10
1921.09
1889.90
949.04
1837.25
1623.81
2030.76
1203.93
851.24
1593.24
1556.70
1624.11
666.59
1710.53
2197.33
1171.68
1366.61
683.10
1755.18
1809.83
1624.11
2143.74
1640.78
1522.76
448.34
1134.47
1796.98
1997.52
1752.72
1913.87
851.24
1624.11
1443.02
1988.56
1354.00
1346.14
1586.22
1632.10
764.24
1878.06
1447.39
1587.80
1765.79
1364.54
1375.88
1467.52
1951.77
703.45
981.72
1979.83
1757.81
290.36
1539.10
1473.75
1485.40
1765.79
1753.84
446.94
969.85
1575.52
1632.42
1559.59
785.59
1476.03
847.33
1499.24
1367.64
1649.42
1810.94
1673.70
799.12
1661.61
1628.66
1215.96
1349.04
1889.87
1823.47
1623.81
1852.24
631.81
1951.77
1624.11
1897.37
1989.13
1110.00
1394.38
1610.25
1237.07
1665.23
1705.90
1828.37
1630.47
1663.58
1862.45
682.22
1516.68
715.19
1690.82
1510.57
1695.08
1372.83
731.28
1346.14
1306.91
1475.40
1516.68
1872.44
1839.47
1389.11
2214.64
866.18
1588.80
907.19
1608.55
1267.98
1109.32
1590.82
1492.64
1154.77
594.93
1458.63
1449.26
1449.26
1718.79
1664.76
1499.68
1718.79
1823.47
1473.75
1584.73
1394.55
1189.47
1485.59
2000.42
866.05
960.47
1840.75
779.68
1716.13
1661.61
1459.63
1361.30
1779.08
1466.95
1889.71
1872.44
799.12
1721.56
1192.88
788.53
1164.20
1203.93
1755.05
1828.37
1489.99
1476.03
1685.92
255.57
1599.27
1237.71
924.90
1721.56
993.55
774.64
1718.71
960.47
1408.25
1793.07
755.30
1436.66
640.56
1203.93
1573.12
1803.97
1154.77
1586.22
1633.26
1202.46
1839.47
1732.46
1575.87
1640.78
1450.67
1430.04
788.53
1710.72
1897.37
686.54
835.08
879.65
1649.04
1798.38
1171.54
1967.87
1225.63
1189.47
2097.69
1312.16
1951.77
830.07
1373.40
1584.73
1203.93
1776.48
1282.80
1149.07
1759.97
1149.07
1017.64
1719.37
1995.87
1558.12
1699.90
1192.88
1168.72
1309.85
1611.66
1206.95
1951.77
1705.27
1361.30
1220.35
866.18
1745.09
1827.44
1256.92
1458.63
1819.41
2239.35
751.58
1817.77
1780.07
905.79
255.57
1487.93
1361.30
1339.93
1022.81
710.25
1556.70
1721.56
1443.96
1918.46
1579.73
1435.34
935.38
1624.01
1029.87
1222.60
1281.64
917.79
1081.05
764.24
924.90
1809.83
2143.74
1810.37
2013.21
1209.08
1603.60
1703.02
1256.92
1373.40
1862.45
1279.31
644.69
1696.65
2248.12
1585.02
1373.40
1500.09
2024.20
971.31
830.45
1411.95
1588.80
935.38
1045.96
1114.90
1113.16
2016.46
1423.86
1305.54
1792.31
1827.44
1586.22
303.94
406.36
1950.30
1685.92
971.31
1897.37
990.84
897.26
779.66
1590.82
1209.08
1997.52
788.62
1419.34
1423.86
764.24
1989.13
1171.68
594.93
1639.55
1757.81
1691.15
1273.45
1921.18
1623.81
764.24
1897.37
2143.74
1456.34
2132.85
1077.35
2164.15
1251.14
1694.37
873.97
1522.45
874.99
1189.47
669.85
1451.85
1309.85
1661.61
686.54
788.53
1577.55
1215.96
1987.39
1847.84
1624.11
779.08
1215.96
927.98
695.66
1628.60
866.18
1522.45
1394.38
1423.86
1429.72
1666.18
891.90
949.04
1883.49
1342.39
1996.18
628.40
905.79
1752.18
924.90
1394.38
1685.92
1573.12
1361.30
150.34
1889.87
1394.38
1840.75
1324.64
1623.73
1394.38
1951.77
1810.37
1662.88
1575.87
1662.92
813.95
1842.10
1519.98
1443.96
1878.06
1872.44
1434.71
1344.18
1839.05
1770.91
1229.87
1796.70
1339.93
1166.93
845.35
1257.31
1951.77
1116.56
891.90
1705.27
883.11
1558.12
1394.38
1171.54
1603.89
1506.38
1637.65
1250.66
1653.69
1516.68
1171.54
1120.22
1630.47
1516.58
1623.81
1183.16
1271.52
847.33
1844.58
1346.14
1703.02
1183.74
1894.85
1803.97
1267.98
1968.40
1220.35
1779.08
1454.47
1366.61
1377.35
1593.12
1377.35
600.23
1624.11
1531.20
917.79
2097.69
1281.64
2015.18
1133.45
1451.85
1048.28
1883.21
1490.96
1980.99
1565.16
1419.34
1881.36
737.28
1606.76
883.11
1421.36
1067.81
1267.98
1273.45
1987.39
1701.23
1623.73
1260.96
1203.93
1553.21
2337.73
1732.12
636.51
1229.87
1109.32
1548.87
1531.20
1624.01
1492.08
1522.45
150.34
1632.42
1755.18
1364.54
1691.68
897.78
1871.27
1780.58
1331.53
609.73
2239.35
1110.00
1561.41
1645.06
1456.34
2143.74
1250.66
1827.44
1728.07
539.36
1338.30
150.34
1852.24
1203.93
962.14
1989.13
1964.86
874.99
1500.09
1580.95
1804.68
1872.44
204.58
1638.66
1222.60
1885.87
1269.10
2143.74
2090.54
1894.85
1485.05
1649.49
1228.94
1490.96
594.93
1640.78
1632.42
992.40
927.98
1676.79
1412.13
1721.56
303.94
1696.72
1643.96
924.90
1202.46
718.30
1483.58
1058.50
1179.09
1171.54
1107.96
1561.63
1585.02
1146.78
1292.93
1612.43
877.17
1603.89
1361.30
1710.98
1862.13
927.98
1216.36
1110.55
1632.42
837.36
752.69
1408.25
794.70
902.09
1516.68
628.40
1996.18
1114.90
1894.85
511.23
1201.26
1339.93
875.39
1394.38
1394.38
1395.03
1931.21
844.90
1300.19
1449.26
1682.62
636.51
1434.42
1403.60
913.29
2015.18
1843.97
418.17
1354.00
1312.16
1632.61
1624.11
1372.83
322.00
686.54
1995.87
1062.52
2279.82
1033.44
866.76
1951.77
1215.96
1437.95
1048.28
1558.12
1513.04
1408.25
1285.20
835.54
1434.42
1373.40
1387.43
1479.01
851.24
1421.07
962.14
1295.34
1364.54
1732.46
2000.39
1586.22
1261.41
2030.59
935.40
1705.27
1164.20
1662.92
1033.44
1202.90
1632.42
1612.43
1837.11
866.18
1305.54
2090.54
1694.37
1752.72
1225.63
1980.99
1806.06
2014.72
1624.11
1557.94
1588.80
1878.06
1528.91
1171.54
1447.95
1468.19
1372.31
710.25
1109.32
1761.94
1416.98
1351.69
2098.07
1809.83
1635.50
950.24
1588.80
1842.24
359.10
1443.96
1300.19
1572.91
1671.23
1084.79
1656.28
713.71
482.65
1264.53
1780.65
1979.83
1776.48
1798.47
1377.35
1915.79
1721.56
1862.45
978.13
1755.18
648.53
949.34
1110.60
1459.63
1063.46
1556.68
1179.09
1588.80
1605.84
1649.49
1421.07
1434.42
1649.04
1346.14
1565.16
1881.36
644.69
917.79
1264.53
1690.82
1269.10
1309.85
891.90
872.19
1827.44
1716.13
1179.09
830.45
1154.03
1710.53
1456.34
1339.93
935.38
1883.49
1501.24
1624.11
1600.10
1475.40
1238.04
779.66
1516.68
874.99
972.58
1785.47
1970.01
1206.95
1970.01
874.99
1235.69
1058.50
978.13
935.38
1229.87
1603.89
1510.57
992.40
1549.82
1753.84
1516.43
1416.98
1664.76
1558.12
1987.44
1193.72
799.12
1361.30
1827.44
1281.64
1237.62
1705.27
1171.68
543.18
1555.48
1635.50
802.95
1238.04
1189.47
879.65
1593.24
1560.78
1256.92
1154.77
1556.70
1611.66
1729.08
1807.42
1365.73
1449.26
1703.02
1755.05
1624.87
1840.75
1788.75
1605.84
1599.27
1110.00
1487.93
1120.10
1250.66
1747.22
1305.54
1114.90
1793.07
718.71
1803.97
1192.88
1183.74
1019.85
1951.77
1561.41
1523.26
1603.60
1411.95
1682.33
751.16
1392.10
924.65
1467.52
1645.06
1045.96
1478.11
1476.03
891.90
1220.35
874.99
1437.95
1761.94
1033.44
1113.16
683.10
1573.12
543.56
1058.50
807.48
1373.40
1558.12
1950.30
2030.76
1349.04
2143.74
564.16
1045.96
1980.99
1492.08
1317.33
1453.25
1489.99
1144.41
1944.88
1639.55
1050.25
2214.64
2239.35
2065.16
1611.66
1539.77
845.35
1483.77
1215.84
1522.76
1483.58
972.58
500.92
1951.77
1516.68
905.79
1465.72
1593.24
1238.04
1593.24
1881.36
1116.62
799.12
1235.69
1718.76
683.10
764.24
570.99
1960.92
1649.04
1403.48
1897.37
1300.19
2098.07
1575.87
1388.05
1630.47
1951.77
1558.12
1193.72
1635.50
1203.93
718.71
1539.00
1634.04
1336.74
1556.78
860.32
1714.80
1806.06
1752.72
1987.44
1632.10
1643.96
1447.95
2164.15
1776.62
1237.62
844.90
703.45
1747.22
1170.54
1827.44
1765.67
1468.19
949.04
1447.95
1429.72
1388.05
695.66
1269.10
1720.21
795.80
644.69
1023.65
1691.15
1518.93
1163.10
802.96
1585.02
1371.86
1462.01
1468.19
1249.66
1827.44
1193.72
1419.34
1317.33
1832.34
1154.77
1809.83
1579.73
1478.31
594.93
682.22
1798.38
1203.93
949.34
1623.73
866.76
1603.60
1832.34
1600.42
1852.24
1752.72
1623.73
2013.21
1902.37
1306.64
1337.63
1531.20
1666.52
1250.66
1164.20
1523.26
1361.30
1163.10
1682.33
1691.15
1238.04
1573.12
1718.71
731.28
564.16
1685.92
1477.12
1468.46
1810.37
1637.65
1202.90
966.26
1599.27
1346.14
1116.62
1897.37
1419.48
1883.49
1473.75
1656.28
1170.54
1515.99
1739.49
1759.97
2248.12
1058.50
624.78
1373.40
1406.95
897.78
751.58
1694.37
1081.05
1917.57
1033.44
1792.88
1913.87
1793.52
874.99
1515.99
1685.92
866.07
715.19
666.59
1202.90
1815.02
1827.44
636.51
1193.72
1585.02
1649.04
1603.89
1889.90
1997.52
1902.37
1522.76
1956.89
972.58
1110.55
290.36
1643.96
1497.46
1300.19
1522.76
1600.42
2090.54
1833.27
1755.18
1502.49
1439.17
1461.33
1565.16
2030.76
1951.77
1443.96
794.70
1780.65
1281.64
1396.28
1434.42
1475.40
1852.47
1306.64
1085.40
1243.10
540.97
1561.20
1632.42
1682.33
1499.24
1273.45
1396.28
1394.38
1114.90
522.58
1548.87
695.66
1619.00
1085.40
2030.59
962.14
1840.75
1758.56
1555.48
1612.43
1809.29
1271.52
1803.97
647.00
1269.10
1894.85
901.36
1306.64
1535.30
1558.12
568.17
1485.05
1485.40
1389.11
1889.71
1944.88
225.12
1510.91
540.97
1553.21
1421.07
1674.09
1435.34
1779.08
2000.42
540.97
128.91
1365.21
1114.90
1139.94
1077.12
835.08
1796.98
913.29
1718.79
1522.45
774.64
883.11
1295.34
1673.70
1827.44
851.24
1611.66
1588.80
1183.74
667.85
794.70
1557.20
1149.07
993.55
1479.01
837.36
1605.84
647.00
1225.63
1785.53
1624.11
1862.45
1730.86
1505.19
956.61
1653.69
718.30
1608.55
1396.28
1663.39
1206.95
1192.88
1459.63
1562.23
1603.89
1478.93
1847.84
1740.85
1977.89
718.30
1788.75
1344.71
1483.06
1951.77
1705.27
1645.06
960.47
1168.72
1235.69
1720.21
1483.06
902.09
1726.51
764.64
1553.21
1673.70
1989.13
1144.41
1022.81
883.11
1500.09
2143.74
949.04
1716.13
1608.55
1285.20
601.81
1645.06
862.61
1468.19
589.11
1134.47
1113.16
1389.11
2004.34
1995.87
873.97
1603.60
788.62
683.10
1550.55
1276.06
718.71
1577.55
1807.67
1165.44
1536.60
1248.46
1361.30
1451.85
1483.58
1331.53
1249.66
1408.25
459.21
570.71
1572.91
1209.08
1171.68
1250.66
1366.61
1167.78
852.02
1915.79
781.82
847.33
1429.72
1565.16
1612.43
1170.54
1558.09
1662.92
644.69
1515.99
1931.21
1388.05
1705.27
1760.00
1022.81
1703.02
1539.77
1878.06
1398.94
917.79
1729.08
1361.30
1715.29
1953.03
1827.18
1778.65
1558.12
1190.16
1556.68
1645.06
1215.96
1410.58
897.78
1705.27
1899.69
1881.36
2000.42
1360.76
969.85
1465.90
1800.86
1688.90
1745.18
624.78
1388.05
572.73
1827.44
2030.76
1585.02
1623.73
1017.64
1203.93
1705.24
1413.52
1394.38
1467.52
1324.64
1842.24
1611.66
764.24
1228.94
1676.79
1338.30
1394.38
1577.55
1649.42
924.90
875.39
448.34
1745.09
913.29
1690.82
1732.20
1542.40
1642.15
1894.85
873.97
1339.93
1459.63
1372.31
1149.07
676.38
1815.02
1624.11
1435.34
464.68
1171.54
1513.28
1635.50
924.90
1776.48
929.16
686.54
1531.20
1273.45
1694.37
446.94
1273.45
902.09
2014.72
1977.89
1372.83
1112.02
625.15
1600.42
1573.12
1755.18
380.88
1755.18
1711.55
1779.08
1557.94
1761.94
924.65
667.98
1823.47
1770.37
1575.87
1412.13
1273.45
1416.33
1154.77
917.79
2015.18
916.02
1388.05
1419.88
1017.64
1222.60
1588.80
1905.50
1292.77
535.67
1516.43
927.98
1673.70
1523.26
1366.61
1796.70
1515.54
1661.61
2030.59
1628.66
1017.64
1395.65
2143.74
1164.20
1635.50
1639.55
935.38
1285.20
1395.03
418.17
1588.80
764.64
1444.13
1154.77
1192.88
1624.01
726.14
1309.85
1951.77
718.30
2239.35
874.99
1155.05
1017.64
1628.60
1843.97
877.17
1535.30
1144.41
1183.74
813.95
1701.23
1248.46
1918.89
1682.62
1710.72
1202.69
1462.01
1487.93
1815.02
1165.44
1387.43
1676.79
667.98
1921.09
1897.87
1915.79
1807.42
1865.67
1110.60
1599.27
255.57
1394.55
1222.60
1372.83
793.58
2159.33
1389.11
1410.58
907.19
1987.39
1045.96
158.35
564.16
924.90
1873.19
2065.16
1776.62
1705.27
1776.48
1273.45
1492.08
935.38
1285.23
1468.19
703.45
695.66
1739.49
1183.74
748.57
1443.02
1710.72
1149.07
1698.00
1870.43
1331.53
1951.77
1674.09
1483.58
1765.67
1439.17
1269.10
737.28
1114.90
516.69
1619.00
1590.82
1806.06
1522.45
1113.16
1339.93
1273.45
589.11
1579.73
1632.10
1483.33
1833.27
1483.77
1361.30
2014.72
844.90
1396.28
764.24
1918.46
1300.19
1183.74
1110.55
1718.79
1977.89
1608.55
1164.20
483.34
2030.76
1017.64
1531.20
1630.47
1305.54
1452.17
1387.43
1516.43
1192.88
848.89
1997.52
1638.66
726.14
1788.75
1342.39
1579.73
543.56
1752.72
1573.12
464.68
1171.54
1458.63
303.94
1410.58
1190.16
1392.10
1710.72
1483.58
1696.86
1777.72
2162.13
482.65
1632.42
636.51
1635.50
1419.48
1110.00
1879.09
1336.74
1703.20
1531.20
1412.13
1875.72
1155.05
1721.56
1453.25
1371.86
1220.35
1694.37
406.91
1081.05
901.36
879.65
1705.90
875.39
1033.44
2013.21
1522.60
1225.63
221.23
1295.34
1119.17
866.07
1163.10
788.62
1612.43
1707.38
1988.56
1434.42
1918.46
686.54
1492.08
1752.72
1624.11
1561.41
2162.03
1295.34
1603.89
1438.41
1328.85
1899.69
1807.42
1506.38
1154.77
1780.65
695.66
1515.99
913.29
1915.79
1459.63
1154.77
1492.08
1573.12
1894.85
1605.84
150.34
1623.73
1710.72
1253.76
917.79
1429.72
1584.73
1412.13
947.72
2050.62
1682.33
1633.26
2014.72
1847.84
1579.73
1367.64
1634.13
1610.25
1388.05
448.34
1605.84
1788.75
784.52
1090.35
1643.68
704.94
594.93
664.43
1916.37
1416.98
